  4.4500000e-002  1.3868607e-001  1.6397798e-001  1.6915426e-001  6.8669962e-002  2.7777569e-002 -6.6225720e-003  4.2857080e-002  3.4078207e-001  1.2956782e-001 -2.0923852e-002
  1.4284000e-001  3.2051360e-002 -3.5999995e-002  1.0638273e-002  6.0240906e-002  8.1081220e-002  2.1333336e-001  6.3927226e-002  1.2500000e-001  2.9411646e-002  2.1527789e-001
  1.2900000e-002 -6.2113180e-003  7.8838098e-002  2.2806979e-001  4.1666667e-002  1.5228354e-002  1.0439557e-001 -3.0043044e-002 -6.6666644e-002  0.0000000e+000 -5.7142865e-002
 -7.3600000e-003 -1.4999880e-002 -1.9230464e-002  8.6710230e-003 -5.2483030e-003  0.0000000e+000 -2.9850832e-002 -1.9566741e-002  9.3867162e-002  0.0000000e+000  3.9284306e-002
 -6.7000000e-004  1.5228303e-002 -1.4509792e-001 -2.5787757e-002  0.0000000e+000  0.0000000e+000  3.3221757e-002  4.4877928e-002 -2.2058872e-002  6.2608265e-001  2.8571441e-002
 -2.2180000e-002  5.3984539e-002  5.5045626e-002  1.1904122e-002  5.8271041e-002  4.9999766e-002 -1.1111131e-002 -3.8281569e-002  6.3909785e-002  4.5161294e-001  3.0864210e-002
  8.7800000e-003 -1.2195086e-002 -2.8260724e-002  0.0000000e+000 -8.8813650e-003  1.7478248e-002 -3.3707927e-002 -2.9126415e-002 -3.5335950e-003  5.5556830e-003  7.7844342e-002
 -8.0000000e-005  2.4691483e-002  7.3825260e-002  5.8823832e-002  5.0179544e-002  1.1905104e-002  5.5437634e-002  4.7499626e-002  3.5461260e-003  3.2596695e-001  7.1395522e-002
 -9.3000000e-003  1.2048155e-002 -6.2500185e-002  3.8949130e-002  6.8256250e-003  5.4920599e-002 -9.7142882e-002  4.8687552e-002 -3.8380852e-002  1.0833323e-001 -3.8673999e-002
  3.5840000e-002  3.5503851e-002 -6.6666245e-002 -3.7837956e-002  3.7288418e-002  2.2726993e-002  6.3290950e-003  4.2330526e-002  7.4074920e-003  9.0225483e-002  1.7816086e-001
  2.0766000e-001  1.4457825e-001  4.7619019e-001  0.0000000e+000  1.4379094e-001  8.8888965e-002  2.1674284e-001  3.1407372e-001  5.8823523e-002  1.5862072e-001  2.7901164e-001
  1.2543000e-001  3.6842113e-001  3.2257550e-003  1.3673371e-001  1.8023222e-001  2.8982741e-001  1.2903232e-001  1.0448296e-001  1.2499962e-001  2.5000007e-001  2.3529537e-001
  1.8970000e-001  7.6923004e-002 -3.2153830e-003  1.5000039e-001  1.4532031e-001  3.5483755e-002  3.1428493e-001  2.1760848e-001  1.8088103e-001  1.5342980e-001  1.5172963e-001
  2.0173000e-001  3.2142845e-001  2.2580650e-001  6.5216920e-002  9.2473136e-002  1.0093462e+000  3.7681230e-001  2.4358961e-001  2.1693137e-001  7.5105450e-001  3.5593274e-001
  8.4070000e-002  6.4865179e-002 -3.9473798e-002  4.3907594e-001  2.5590621e-002  7.7576101e-002  2.6315778e-001  1.1546389e-001  2.8695676e-001 -2.4096196e-002  2.0833321e-001
  2.6260000e-002  4.2497656e-002  9.7095550e-003 -2.5714040e-002 -3.0319336e-002  3.2608692e-002 -4.3086075e-002  6.7771522e-002 -1.6393685e-001  3.5308634e-001 -4.2410117e-002
  5.5580000e-002  1.0275714e-001  2.5000000e-001 -9.8055868e-002  3.3999911e-002  7.1093800e-002  2.2624431e-001  3.4734720e-002  3.2816391e-002  2.0507888e-002  5.6244539e-002
  1.8713000e-001  4.3181854e-001  1.1355533e-001  5.5737829e-002  2.3791085e-001  3.9724130e-001  2.7306255e-001  2.7208496e-001 -1.3057242e-001 -1.9963741e-002  1.5315330e-001
  1.4158000e-001 -1.4285708e-001  2.2231118e-001  1.8633554e-001  9.3750208e-002  8.4905698e-002 -8.6956754e-002  2.7083332e-001  1.2272744e-001  3.6018535e-001  1.8592596e-001
  1.2459000e-001  1.4814770e-001  2.7346930e-001  7.2774755e-002  7.1427190e-003  5.2173862e-002 -3.2733264e-002  1.5846991e-001  5.2631642e-002  2.2532351e-001  1.3322666e-001
  1.5089000e-001  2.9032302e-001 -3.8461600e-002  7.5408490e-003  5.6737712e-002  4.0990577e-001  4.9999849e-002  2.0262972e-001  1.9734956e-001  0.0000000e+000  4.5882453e-002
 -5.7620000e-002  1.0474467e-002  1.3733343e-001 -2.6829354e-002 -6.0402665e-002  2.0588267e-001  5.0793861e-002  8.0001140e-003 -4.8387390e-002  4.5555534e-001  5.2780410e-003
 -3.9130000e-002 -1.0499997e-001 -1.2075037e-001 -1.1027570e-001 -1.9923872e-002 -2.5463446e-001  2.7190171e-002 -4.7619111e-002 -1.6949093e-002  3.0534504e-002  3.7714916e-002
 -1.8400000e-003 -1.3407859e-001  5.4666776e-002 -5.8397087e-002  3.6764697e-002 -1.1332561e-001  3.4602162e-002 -1.2500049e-002  2.7586006e-002 -2.2222245e-002 -6.3169174e-002
 -2.7600000e-002 -3.2257911e-002 -2.0227697e-002  1.3122186e-001 -1.2198571e-001  1.0370388e-001  0.0000000e+000 -1.0740432e-002 -8.7220993e-002 -6.5406020e-003 -5.7143620e-003
  1.6506000e-001 -1.6666585e-002  5.8064525e-002 -1.0666676e-001  1.3085627e-001  4.3623576e-002 -4.3768303e-002  1.7844825e-001  1.5555552e-001  2.9976999e-002  2.5431035e-001
  9.6210000e-002  3.2203379e-001  2.2644816e-001  1.7228382e-001  1.3428557e-001  6.0401559e-001 -1.8156998e-001  1.1923829e-001  1.2499994e-001  1.4925371e-001 -2.8703655e-002
  6.6800000e-003 -6.4102627e-002  9.9999959e-002  2.5641269e-002  5.0377750e-003 -1.1646618e-001 -2.1784093e-002  4.6288333e-002  1.7755624e-001  0.0000000e+000 -1.5300316e-002
  8.4000000e-003  1.5861175e-002  1.4664520e-001 -3.0448793e-002  1.5244136e-002 -1.6932252e-001 -2.3828158e-001  9.0674514e-002  0.0000000e+000 -1.2376416e-001  9.9649372e-002
  4.4500000e-002 -1.3698641e-002 -6.4974658e-002 -5.9740332e-002  3.1055985e-002  8.7911471e-002 -5.4850900e-002  3.2429554e-002  9.7561106e-002 -3.3707820e-002  5.6756774e-002
  2.3390000e-002  6.1110999e-002  4.5454556e-002  1.1049722e-001  2.1686743e-001 -7.5756120e-003  7.8814779e-002 -3.4145108e-002  2.2222330e-002 -2.1705478e-002  6.4791210e-002
 -6.3890000e-002 -3.1413489e-002 -4.3478271e-002  1.9900494e-002 -9.9009887e-002 -1.9532927e-001  9.2172126e-002 -7.1856772e-002 -6.1914243e-002 -1.4421543e-001 -1.3418861e-001
 -8.2600000e-002 -1.6189187e-001 -9.0908995e-002 -6.6604174e-002 -3.4065883e-002  1.6045430e-003 -8.2926876e-002 -1.4193483e-001 -6.9767442e-002 -1.3898149e-001 -1.3084100e-001
  9.4620000e-002  1.6261253e-002  0.0000000e+000 -1.0526291e-001  1.3651779e-002  1.5872893e-002  9.5744740e-002  1.8996895e-001  3.7749927e-002  2.5819968e-001 -4.8387106e-002
 -7.0890000e-002  2.8938865e-002  0.0000000e+000  1.5000000e-001 -4.9930861e-002  0.0000000e+000 -6.0406077e-002 -1.0862592e-001 -3.6376709e-002 -1.8974357e-001 -6.7279969e-002
  2.9740000e-002  0.0000000e+000  1.4609993e-001 -2.0851269e-002  3.8095304e-002 -6.5341380e-003  1.2765977e-001  1.7921207e-002  3.7500000e-002  2.1098280e-003  2.5422543e-002
  1.1680000e-001  3.2812469e-001  1.5609475e-001 -3.9473410e-003  9.2029863e-002  1.3147916e-001  1.7877340e-001  1.0108974e-001  2.1359194e-001  4.5005362e-001  2.1428577e-001
 -2.0060000e-002 -1.1764730e-002 -7.0188797e-002  4.3328722e-002 -1.3888162e-001 -2.2345848e-002  4.0416131e-002 -3.4257938e-002 -1.9999971e-002 -1.2962968e-001  4.4126153e-002
 -2.1470000e-002 -5.9523590e-002  1.5259752e-001 -9.4107937e-002 -1.3658542e-001 -4.6466152e-002 -6.7307605e-002 -1.3513591e-002 -1.0204067e-001 -8.5105510e-003 -7.5238049e-002
 -5.5650000e-002 -3.5443030e-002  1.3873261e-001 -9.8563038e-002 -5.9321964e-002 -3.6782849e-002 -6.0522177e-002 -8.6965111e-002 -1.8196804e-001 -3.8626684e-002 -1.2296744e-001
  1.4930000e-002 -6.3403880e-003 -1.1615488e-001 -5.8213787e-002  2.1562191e-002  1.7268133e-002 -3.4168273e-002  1.7968812e-002  0.0000000e+000 -1.3439330e-002  5.3881548e-002
  9.8690000e-002  6.7567511e-002  3.5460807e-002  7.2881175e-002  1.1111107e-001 -2.4691257e-002  1.4493244e-001  1.2049036e-001  7.0422343e-002  1.9417487e-001  3.4090852e-002
  1.6410000e-002  5.3164785e-002  2.8766769e-002  7.1090045e-002 -7.3333270e-002 -5.0633462e-002  6.3561750e-003  6.3990305e-002 -1.3157899e-001  1.6260171e-002  5.4944660e-003
  6.1760000e-002  1.2980764e-001  1.9840242e-001 -7.3746097e-002  3.5971207e-002 -5.3333140e-002  1.6991955e-001 -6.1569680e-003  4.8798585e-002 -1.6000008e-002  1.5403492e-001
  4.3230000e-002  8.5106421e-002 -5.5555281e-002  2.5517557e-002  5.8333255e-002 -1.4084878e-002  1.8382070e-003  3.6908888e-002 -4.9275377e-002  8.1300850e-003  1.2810713e-001
  4.8680000e-002  0.0000000e+000  1.7647041e-001  3.1250490e-003  1.7060376e-002  1.4028832e-001  4.9541273e-002  3.6420039e-002 -3.9634057e-002 -9.6774242e-002 -5.0847120e-003
  6.5270000e-002  3.2942796e-001  1.0000013e-001 -6.2306280e-003 -4.5161203e-002  5.3627791e-002  2.4467119e-001  1.1674387e-001  3.1746033e-001  8.9285763e-002  1.5487024e-001
  1.8966000e-001  1.4925450e-002  1.2893271e-001 -3.1348053e-002  2.0640140e-001  5.3926889e-002  4.0285729e-001  1.1141661e-001 -5.6702687e-002  1.6693593e-001  3.1835213e-001
  1.8100000e-001  1.7647047e-001  1.0121437e-001  2.2017008e-001  1.2429372e-001  3.0286035e-002  2.3217909e-001  1.5407043e-001 -3.8461427e-002  4.2857147e-001 -4.2613913e-002
 -1.3800000e-002  1.5000009e-001 -9.9264817e-002  2.1839993e-001  9.5477352e-002  9.2622786e-002  8.2644677e-002  5.4347560e-002 -6.6666968e-002 -5.2631574e-002 -1.0219002e-001
 -1.1831000e-001 -1.7391303e-001 -1.8367335e-001  1.1087494e-002 -4.5871584e-002 -8.6431988e-002 -2.3664127e-001 -1.4432556e-002 -8.5714055e-002 -5.5555550e-002  0.0000000e+000
  9.6410000e-002 -1.3157962e-002 -7.9999924e-002 -1.6304334e-001  1.6346155e-001 -7.8212187e-002  1.1447254e-001  1.1849549e-001  2.4516557e-002  1.4705785e-001  2.3000001e-001
  9.2020000e-002 -8.9696594e-002  1.1913810e-001  6.4934888e-002  1.7835910e-001 -6.0605974e-002 -1.8181778e-002  1.9311674e-001 -3.0769019e-002  4.2828640e-002  1.2340236e-002
 -3.9200000e-002 -1.3432829e-001 -8.6207087e-002  2.0117047e-001  4.9296038e-002 -2.5742210e-002 -6.3021202e-002 -1.3622063e-002 -1.1079373e-001 -3.0302916e-002 -2.2282704e-002
  5.5000000e-003 -1.7241343e-002 -9.4339179e-002 -6.1224320e-002  7.3825749e-002 -6.6667870e-003 -1.1599993e-001  1.1494559e-002  1.7493599e-002 -3.6458744e-002  3.3358130e-003
  1.1652000e-001  7.0175288e-002  2.2023780e-001 -3.2608877e-002  2.0312447e-001 -4.0268398e-002  2.3810365e-001  4.2071308e-002  5.6273937e-002  4.0540592e-001  6.1458233e-002
  5.0370000e-002  1.4754113e-001 -1.4634508e-002  2.1573060e-001 -2.0779230e-002  2.1077328e-002 -3.6901320e-003  9.0062096e-002  2.0340017e-001 -1.1538777e-002  9.2105152e-002
  1.0768000e-001  1.2128559e-001  8.8614213e-002  1.8448060e-003  2.2015934e-001  6.8965712e-002  7.4074168e-002  1.0753771e-001 -1.1362266e-001  1.6731544e-001  3.6144318e-002
 -2.4110000e-002  2.2356539e-001 -2.6830456e-002  1.8518641e-002 -3.9130298e-002 -1.2903561e-002 -3.6946839e-001 -1.8181889e-002 -3.7499635e-002  9.9996510e-003  2.9870271e-002
 -5.6250000e-002 -1.1052624e-001 -3.0967867e-002 -9.0909680e-003  4.8761717e-002 -7.7587925e-002  1.2379652e-002 -8.4656233e-002 -6.4935012e-002  6.9405840e-003 -9.1324244e-002
 -4.7700000e-002  8.8993994e-002 -1.1463362e-001  9.3584570e-003  8.0764033e-002 -1.0000000e-001 -8.1520920e-003 -7.1771587e-002  1.2216004e-002 -9.8601943e-002 -5.0248500e-003
 -3.5490000e-002 -3.2818975e-002 -3.8568116e-002  1.3118060e-001 -6.3881010e-002  1.0317487e-001 -2.1917799e-001 -2.9968367e-002 -5.1724171e-002 -4.6419357e-002 -3.9198960e-002
 -1.9380000e-002  1.2359557e-001  4.2980513e-002  8.7096613e-002 -4.7210320e-002  5.0408906e-002 -3.4210534e-001 -4.5528275e-002 -9.0908815e-002 -1.0502370e-001  3.1746256e-002
  6.9950000e-002 -6.0099986e-002  1.0988609e-002 -3.4049598e-002  4.0540392e-002  6.8966421e-002  1.7333340e-001  1.1924697e-001  7.1505141e-002  4.3478504e-002  1.8273611e-002
  8.2180000e-002  7.7596244e-002  6.3220609e-002  4.3158729e-002 -3.2760941e-002  4.5161027e-002  5.5909097e-001 -1.8749993e-002  1.1320760e-001  1.7999992e-001  2.5481598e-002
  2.3110000e-002  5.0105030e-002  3.3678654e-002  1.4786520e-002  6.3063019e-002 -8.3002467e-002  1.5014552e-001  5.0955780e-002 -1.1864404e-001  1.9931118e-001 -2.4999653e-002
 -4.0960000e-002  9.4285720e-002 -4.7619048e-002 -7.2991360e-003  3.3898527e-002 -7.1186835e-002 -1.1153247e-002 -1.0006095e-001  9.3076973e-002 -1.8156575e-002 -1.1794862e-001
 -3.8010000e-002  9.6605669e-002 -1.2105213e-001 -2.2058971e-002 -4.0983728e-002 -7.2990750e-003  2.2814557e-002 -1.3872332e-001  7.8562908e-002  1.6923100e-001  5.7686510e-002
 -2.3470000e-002  1.5873036e-002  1.7963448e-002 -1.6771082e-002 -8.1196316e-002  1.8355803e-002 -3.5087612e-002  3.5573265e-002  2.0032544e-002 -1.3157889e-001 -1.6393637e-002
  3.6410000e-002 -6.7040023e-002  1.3529427e-001 -3.6866383e-002 -5.8139542e-002  3.2727000e-002  1.1688320e-001  1.2075918e-001 -1.6103360e-002  1.2121206e-001 -2.7778113e-002
 -4.8780000e-002 -5.5794085e-002 -8.2849778e-002 -4.3062179e-002 -7.6543061e-002 -2.8169408e-002 -1.1627924e-001 -7.9516207e-002 -1.9928404e-002 -8.1081042e-002  2.0141289e-002
  6.6900000e-002  9.1818264e-002  5.9262379e-002 -4.9999927e-002 -6.0936336e-002  2.1791869e-002 -4.0789450e-002  1.3418370e-001  4.3430937e-002  1.3823548e-001  1.2613192e-001
 -5.8000000e-003  2.3313887e-002 -1.2607772e-001 -8.1179580e-002 -3.9655237e-002  6.4285559e-002  9.7393649e-002 -8.7288148e-002  4.8387202e-002  2.0851722e-001  1.0935844e-001
  0.0000000e+000 -1.1310007e-001  2.3427806e-002 -2.1153891e-002 -9.9341314e-002 -7.7181411e-002  2.5002190e-003  2.7853330e-003  4.6153942e-002  6.5217341e-002 -1.2018968e-002
 -4.1040000e-002 -3.6697219e-002  1.5060374e-002 -5.1080638e-002 -5.6479002e-002 -1.8328055e-002 -5.2369272e-002 -5.1851596e-002  5.8823647e-002  8.1632594e-002 -3.0445359e-002
  4.1750000e-002  1.1428562e-001 -2.9669560e-003 -1.0855935e-001  9.8592157e-002  4.4931796e-002 -1.0396315e-001  2.9336330e-002 -1.1352897e-001 -2.2641428e-002  4.8308986e-002
 -2.0140000e-002 -9.0778375e-002  6.8936040e-002  1.5925056e-001  2.0805674e-002 -3.5714086e-002  3.1916961e-002 -2.6923008e-002  3.1745870e-002  1.4803773e-001 -2.0249804e-002
  4.6440000e-002  5.2080265e-002  7.0362413e-002 -6.9670856e-002  1.2738847e-001  8.1692099e-002  3.9473739e-002  1.2252958e-001  0.0000000e+000  1.7094136e-002  9.1346749e-002
 -2.3270000e-002 -4.5248500e-003 -5.2631180e-003  1.1842123e-001 -2.8248575e-002  6.2068950e-002 -7.6455638e-002 -4.7280128e-002  1.5353707e-002  8.4016748e-002  4.4048010e-003
 -3.4280000e-002 -5.4545476e-002 -1.5132261e-001  3.3333421e-002 -3.7791214e-002  2.5973539e-002  1.0142528e-002 -3.1775553e-002 -2.5097425e-002 -4.6341869e-002 -1.0496763e-002
  2.5710000e-002  2.8846166e-002  5.3615992e-002 -3.1350960e-002  6.3444034e-002  1.9108943e-002  1.4925249e-002 -1.5443967e-002 -3.1230900e-004  9.7382438e-002 -2.2417660e-003
  1.0100000e-003  1.3173663e-002 -2.9586274e-002  2.6574664e-002 -3.4090765e-002  1.2499966e-002  8.0214020e-003  2.2934998e-002 -6.5625005e-002  3.7037170e-002  2.2468030e-003
 -6.0730000e-002 -2.4549680e-002 -4.2682617e-002  6.7115390e-003 -5.5823763e-002  1.7283904e-001 -4.5092621e-002 -1.0312499e-001 -8.0267692e-002 -5.7142758e-002  4.0739230e-003
 -4.7930000e-002 -1.0047837e-001 -1.5514408e-001 -6.1909759e-002 -4.4403729e-002  2.7878100e-005 -2.0000024e-001 -8.1010320e-002  1.6363654e-001 -7.5757568e-002 -4.5458920e-003
  1.0540000e-001 -3.1914955e-002  2.2914863e-002 -6.1224414e-002  8.1966484e-002  1.9047619e-001 -5.2083043e-002  1.9736929e-001 -7.6867920e-003  1.6806717e-001  8.9041212e-002
  4.9120000e-002  3.2967099e-002  1.4814795e-001  1.5000014e-002 -1.2120733e-002  6.6666992e-002  7.3260160e-003  2.2044065e-002 -1.1111093e-001  5.7553892e-002  9.8839808e-002
 -2.0260000e-002 -3.1914955e-002  3.2257646e-002 -5.3330596e-002 -5.0307297e-002 -3.5352676e-002  7.6363340e-002 -1.9609370e-003  0.0000000e+000  1.9727879e-001  1.1582976e-002
  4.5500000e-002 -1.7692307e-001  1.2500065e-001 -2.0030992e-002  4.6511648e-002  1.4967496e-001  6.0810898e-002  4.0793563e-002  3.4859449e-002  5.6819800e-003 -1.3047067e-002
  9.3440000e-002  1.8117307e-002  7.4969152e-002  2.0881645e-002  1.8775677e-001  1.8868010e-002  2.5157017e-002  1.6602323e-001 -5.2631363e-002 -7.8792362e-002  1.3147391e-001
  1.2860000e-002 -7.9866782e-002 -8.6161925e-002  1.2328768e-001  1.2041927e-001 -1.4936471e-002 -5.3458969e-002  2.8145561e-002  3.7036717e-002  5.0314519e-002  5.9649279e-002
  1.9230000e-002 -1.7403275e-001  8.2800258e-002  5.6910482e-002 -2.1028538e-002 -7.5472070e-002  6.2790745e-002  4.4890803e-002 -4.5466716e-002 -1.4251495e-001  4.6357703e-002
 -5.1010000e-002 -1.7543852e-001  1.0296012e-001  0.0000000e+000 -5.9665673e-002 -6.1265260e-002 -7.7836905e-002 -7.1428595e-002  1.8867961e-002 -1.5363161e-002  9.9896080e-003
  4.9500000e-003  8.5106389e-002  1.0047844e-001 -5.8657820e-002 -4.5685066e-002  1.2655415e-001 -5.0847392e-002 -3.0100069e-002  1.1111228e-002  7.0922350e-003  3.8095000e-002
 -7.5230000e-002 -1.2941174e-001 -8.6956234e-002 -6.6666536e-002 -8.5106808e-002 -1.4728669e-001 -1.4285720e-001 -4.9678833e-002 -3.8684998e-002 -1.2535210e-001 -1.2844001e-001
 -2.5880000e-002 -6.3373745e-002  7.1428452e-002 -6.5934150e-002 -5.5231895e-002 -2.2727340e-002 -9.5890970e-002 -3.6900206e-002 -1.6538478e-001  1.2721408e-001 -2.8118115e-002
 -1.9970000e-002 -2.9850769e-002  1.1111111e-001 -7.2916956e-002 -7.7004863e-002 -4.0959284e-002 -1.6279091e-001 -3.4482800e-002 -9.2165600e-003 -3.7878770e-002  2.5641227e-002
 -1.0750000e-001 -2.2999994e-001 -1.7383695e-001 -5.6122398e-002 -1.7449671e-001  2.1951245e-001 -1.3333307e-001 -2.5606508e-002 -5.7048191e-002 -5.5118083e-002 -3.5642659e-002
  1.0353000e-001  1.5650750e-002  1.7647066e-001 -1.7567567e-001  1.0162589e-001  1.9999828e-002 -6.4104350e-003  9.8159234e-002 -4.9950100e-002 -1.0833328e-001  5.9445493e-002
  6.1120000e-002  6.8852623e-002  9.5833418e-002  5.4098211e-002  1.2177157e-001  1.0627596e-001 -3.2258301e-002  5.0279538e-002  1.0520484e-001  8.5318084e-002  8.3038954e-002
 -6.3250000e-002 -8.8225780e-003 -4.9429621e-002  2.9846225e-001 -1.0526356e-001  5.6939552e-002 -1.2666680e-001 -8.7859766e-002 -1.3243345e-002  1.7543813e-002 -4.8940610e-003
 -8.5530000e-002 -3.2258197e-002 -1.3795011e-001 -9.1566214e-002 -6.2066072e-002 -1.4448157e-001 -7.0122470e-003 -7.6922860e-002 -4.9253910e-003 -1.3793120e-001 -7.3889156e-002
 -5.4290000e-002 -6.6700008e-002 -8.4507262e-002 -6.5595696e-002 -8.6956513e-002  2.1739176e-002 -6.2500199e-002 -6.4102570e-002 -5.0047547e-002 -4.9999878e-002 -9.6363676e-002
  4.8560000e-002 -3.5679879e-002  6.1538832e-002 -8.8825227e-002  7.3593025e-002  1.6054162e-001 -1.2500053e-001  0.0000000e+000 -9.5050751e-002 -1.0526289e-002  1.5492951e-001
 -2.9858000e-001 -1.6666674e-001 -1.9323670e-001  5.3458938e-002 -1.9354838e-001 -3.3333333e-001 -2.7619010e-001 -3.5159839e-001 -1.1997138e-002 -3.1914908e-001 -3.3541468e-001
  5.6600000e-002  2.2222575e-002  4.7903777e-002 -1.3432823e-001 -8.9999982e-002 -1.8963123e-002 -1.1842103e-001 -6.4788502e-002  1.1905257e-002 -7.1874829e-002  1.0638176e-002
  9.5590000e-002 -6.5217402e-002 -2.8571111e-002 -3.1118763e-002  5.4945012e-002  2.3076923e-001  2.9850743e-001  1.7281640e-001 -7.4350922e-002 -8.9225361e-002  1.9742134e-001
  1.3117000e-001  5.8993779e-001  2.1764713e-001  7.8571405e-002  3.3333298e-001  1.4583333e-001  2.0689581e-002  6.5810795e-002  1.6129042e-001  6.2661674e-001  1.6770999e-001
 -5.1140000e-002 -2.0895526e-001 -1.2077322e-001  1.7549699e-001 -2.0004805e-001 -9.3796682e-002 -1.4414408e-001  3.3132280e-002 -3.6111302e-002 -8.8028175e-002  0.0000000e+000
  3.0300000e-002 -6.4150581e-002 -3.1430311e-002 -1.0897807e-001 -1.1764697e-001 -3.2258285e-002  9.2105216e-002  1.1370287e-001 -5.7100534e-002 -6.4934897e-002 -8.3969568e-002
  6.0580000e-002 -3.2258138e-002  1.2716720e-001 -8.0067891e-002  1.7777777e-001  1.8749995e-001  1.7231269e-002  9.9476322e-002  3.7266797e-002  1.3888891e-001  3.8981630e-002
  8.3820000e-002  1.2500006e-001  6.6666859e-002  1.6666660e-001  3.7735781e-001 -1.1517859e-002  3.6257365e-001  8.0952090e-002  2.3951920e-002  1.2195124e-001  5.8628423e-002
  8.7600000e-003  3.3333305e-001  1.6826906e-001  2.0634910e-001  8.9041239e-002  1.4077934e-001  2.3605067e-001 -1.1894249e-001  3.1627730e-001  1.3043467e-001  1.1450793e-002
 -4.4890000e-002  1.8357505e-001  1.2577896e-001  1.5789489e-001 -2.4127283e-002  2.7606968e-002  1.3888921e-001 -1.0072879e-001 -7.7625713e-002  5.0824231e-002  7.6126977e-002
  1.2081000e-001  7.1428325e-002  7.4074180e-002 -4.5454747e-002  1.4285691e-001  1.6243514e-001  1.1585392e-001  1.2078680e-001 -1.9801490e-002  1.4705884e-001  7.1943450e-003
  7.8900000e-003  0.0000000e+000 -7.7586263e-002  1.4761911e-001  4.8295467e-002  0.0000000e+000  8.1966936e-002 -5.0125300e-003 -5.5045266e-002 -8.7179530e-003 -5.3571305e-002
 -5.6200000e-003 -1.5555547e-001  9.3457560e-003 -5.6016540e-002  8.1303650e-003  7.8947441e-002 -5.0504890e-003  7.5566731e-002  3.2432725e-002 -1.7244338e-002 -3.7089510e-002
 -2.3890000e-002  5.2631502e-002 -7.6666680e-002  1.0989061e-002 -1.8817403e-002 -2.8793812e-002 -2.5380631e-002  8.1966958e-002  2.0942199e-002 -9.2513400e-003  5.9172050e-003
  3.5200000e-003  6.2500122e-002 -6.5382894e-002  4.3478220e-002  6.8493690e-002 -4.6599293e-002  5.4687324e-002 -4.3290040e-003  3.6524480e-002 -5.4545411e-002 -4.3137266e-002
  7.1560000e-002  7.1309624e-002  3.0257476e-001  2.0833427e-002  1.0769212e-001  8.4544090e-002  2.3456820e-001  4.7826087e-002  0.0000000e+000  1.1538452e-001 -2.2676725e-002
  6.3240000e-002 -4.4444357e-002  1.0708395e-001  6.6301987e-002  9.2965084e-002  2.6074267e-002  2.3656265e-001  3.7344398e-002  2.5000403e-002 -2.2692100e-004  1.4406772e-001
  2.3160000e-002  3.2606980e-001  1.9867790e-002  7.6923172e-002  5.9574420e-002  4.7618989e-002  2.1753247e-001 -1.1200000e-001  1.8052147e-001  2.6548723e-002 -7.2222122e-002
 -3.9200000e-002  2.5937717e-002 -2.3529406e-001  7.1428462e-002 -1.4056088e-002 -1.2500015e-001  1.8666667e-002 -1.1261261e-001 -4.1250063e-002 -4.3102780e-003 -6.9810740e-002
  2.1270000e-002 -8.5470105e-002 -7.6922520e-003  5.5000033e-002  1.7922386e-002 -9.7753370e-003  1.7277487e-001 -6.5989848e-002  4.3024840e-002  3.8960885e-002 -5.3763474e-002
 -4.8510000e-002 -6.5420536e-002 -1.0465126e-001 -5.2132731e-002 -7.9631975e-002  3.9473702e-002 -5.1339286e-002  7.6086957e-002  2.9524231e-002 -1.6499911e-002  3.6485030e-002
  4.5810000e-002  3.5632093e-002  3.4703168e-002 -1.6666688e-002  2.3929820e-003 -2.1163463e-002  1.1380048e-001  3.9141542e-002  7.4380047e-002  1.3686022e-002  1.1384836e-002
 -1.3810000e-002  3.9215857e-002  2.9787320e-002  6.1924594e-002  0.0000000e+000  5.3385407e-002  2.1276605e-002 -3.2806923e-002  1.5384625e-001 -5.8407104e-002 -5.5555269e-002
 -3.0580000e-002 -5.6603909e-002  1.2396410e-002 -1.6129035e-002  2.8508885e-002  1.3597105e-002  1.3020828e-001 -2.2612812e-002  4.1513789e-002 -2.2556213e-002 -5.4117701e-002
  4.5160000e-002  0.0000000e+000  6.1224427e-002  0.0000000e+000 -1.9189962e-002 -9.7561260e-003  1.8433560e-003  3.5989708e-002  4.8387153e-002  8.8461491e-002 -4.2473950e-003
 -1.2020000e-002  0.0000000e+000 -3.0769090e-002  3.8603007e-002 -6.9565044e-002  2.5366062e-002  1.1959583e-002  1.2406694e-002 -2.4615522e-002  1.2544056e-002 -6.0301519e-002
 -4.4140000e-002 -5.0000054e-002 -1.3492086e-001 -2.3999991e-002  3.7382787e-002  3.2504987e-002 -1.0909095e-001 -1.9607843e-002 -7.9429206e-002  1.2039950e-002  4.2780346e-002
  2.4310000e-002 -3.4772250e-003  4.3578407e-002 -4.0983475e-002 -6.9819816e-002  1.4002534e-002 -2.0408172e-002  4.0000000e-002 -1.3841041e-002  2.8448262e-001  1.4115815e-001
 -3.2000000e-004  2.2825961e-002  6.8571095e-002 -3.7606877e-002 -6.5922650e-003  2.2563370e-002 -5.0124752e-002 -1.3220790e-002 -5.2631461e-002  6.8499922e-002  0.0000000e+000
  4.9800000e-002  2.5398523e-001  1.8728011e-001 -8.8550938e-002 -1.7319976e-002  4.9661312e-002  1.5384422e-002  9.1352035e-002  1.1236171e-002 -2.7237339e-002 -9.0909189e-002
 -3.7050000e-002 -1.3371192e-001  1.7186626e-002 -4.8086341e-002 -7.0754224e-002  4.3010701e-002 -6.0605998e-002 -6.2499943e-002 -3.7037178e-002  3.9999978e-002 -7.2878010e-003
 -3.0860000e-002  5.6524078e-002  5.1724540e-002 -1.0103178e-002  1.0326090e-001  1.2891156e-002 -1.0829484e-001  7.1428294e-002  3.8461690e-002  2.5641012e-002  4.5151970e-003
  4.0730000e-002  5.3703668e-002 -5.3442999e-002  2.0620830e-002  1.6256169e-001 -1.0204146e-002  1.5012907e-001 -1.0416219e-002  5.7289445e-002 -1.2499993e-002  5.7273270e-003
  9.2780000e-002  6.5387138e-002  1.3109852e-002  1.4333588e-001  6.4118692e-002  1.6785307e-001  1.4924703e-001  1.0960785e-001  3.5714300e-002  1.4950388e-001  3.0638720e-002
 -3.2310000e-002  8.4033320e-003 -1.5964485e-002 -5.8482612e-002 -4.7191242e-002 -5.3286910e-003  1.4749100e-002 -4.8780629e-002  6.8965544e-002  2.3809880e-003 -1.0050078e-002
  2.7360000e-002  0.0000000e+000  6.1189389e-002 -5.7692970e-003  4.2971821e-002  9.8214399e-002 -4.0697682e-002  4.2735890e-003  2.5883307e-002  2.8634082e-002  1.1675098e-001
  3.1700000e-002  3.4999994e-002 -8.4744400e-003  7.3501050e-002  4.0205940e-002 -2.4390332e-002 -1.9191796e-002  8.5108070e-003  1.7460320e-001  3.9129076e-002  6.2655300e-003
 -8.7740000e-002 -1.4653782e-001 -1.6923071e-001 -4.8275866e-002 -8.5027452e-002 -3.1014322e-002 -1.1431510e-001 -1.4346017e-001 -1.2162166e-001 -1.1111137e-002  4.0904900e-004
 -7.6400000e-003  1.8868074e-002 -6.5843889e-002  5.9160374e-002  6.0100957e-002 -3.4482746e-002  3.4883581e-002  2.0935879e-002  2.5132980e-002  3.3696676e-002 -4.5425600e-004
  6.2650000e-002  5.2327227e-002  7.8854773e-002  9.7297361e-002  7.1939096e-002  0.0000000e+000 -8.9887609e-002  1.3389650e-001  9.0908880e-002  3.2619884e-002  1.3575569e-002
 -7.5400000e-003 -3.5714293e-002 -4.4508108e-002 -6.5682580e-003 -1.7333474e-002 -1.5825923e-001 -3.0879990e-002 -4.4255507e-002 -5.5277829e-002 -5.4645380e-003 -4.5295500e-005
 -2.5400000e-002 -4.6296358e-002 -5.9441889e-002  3.2285890e-002  5.3821759e-002 -6.3808620e-002  7.3052431e-002 -6.0551771e-002 -7.0082044e-002  4.3956096e-002  4.5450300e-004
 -7.4900000e-003  4.8543757e-002 -9.2160660e-003  8.0646800e-004  1.9313465e-002  2.7249548e-002 -2.3791400e-004  3.7914478e-002 -4.7618932e-002 -1.0526295e-002  5.9470600e-003
  1.6750000e-002  1.1111113e-001  2.3255727e-002  7.9774316e-002 -3.1579204e-002  4.2896837e-002  6.9047671e-002 -5.4794685e-002  0.0000000e+000  5.3191516e-002 -4.5454385e-002
 -2.2170000e-002 -1.6666763e-002 -8.6363564e-002 -2.9850732e-002 -3.0434572e-002 -6.3829901e-002 -3.1180423e-002 -2.1031861e-002 -6.4028865e-002 -3.0303095e-002 -4.9593454e-002
 -3.3480000e-002  2.7970607e-002 -2.8872214e-002 -2.1934416e-002  6.2431359e-002  3.2470928e-002 -1.9923789e-002 -6.8153211e-002  3.5843480e-003  3.1633023e-002  7.2737307e-002
 -6.1650000e-002  2.5210075e-002  1.0937498e-001  1.9762798e-002 -3.0042986e-002  1.5070929e-002 -1.2647745e-001 -2.1276847e-002 -1.0717854e-001 -2.5559112e-002 -7.2195356e-002
  7.4500000e-003 -8.1950816e-002  2.3474263e-002  4.6511582e-002  1.1283189e-001 -5.0218412e-002  1.3531840e-003  3.8043252e-002  4.0041539e-002 -3.2786990e-002 -5.2592300e-004
 -1.6500000e-002  4.4624215e-002 -8.7156027e-002 -2.4942670e-003  1.3916324e-002  6.5747226e-002 -9.4594606e-002 -1.0471069e-002  1.9230569e-002 -2.2598857e-002  2.3681796e-002
 -9.2880000e-002 -1.4358973e-001 -5.7788555e-002 -8.6567182e-002 -8.6274310e-002 -7.5796665e-002 -1.6417930e-001 -1.2433847e-001  3.7735872e-002 -2.8901649e-002 -5.2631637e-002
  3.3560000e-002 -1.1466830e-003  8.0000960e-003 -1.1437888e-002  4.7210407e-002  6.3231938e-002 -1.0357140e-001  1.1782489e-001  2.1386535e-002  4.7619014e-002 -5.5555620e-002
  1.8800000e-003 -2.0408114e-002  6.8782722e-002  2.4793268e-002  4.0573300e-003 -3.0837129e-002  8.5657655e-002 -3.5135347e-002  2.8880938e-002 -1.1363629e-002 -4.6548010e-002
  4.1330000e-002  5.6249929e-002  5.1980179e-002  2.4193603e-002  6.7157298e-002  1.2623063e-001  1.5993544e-001  2.8012250e-003  1.2280670e-001  1.9824155e-002  6.1875073e-002
  1.9900000e-003 -3.3530555e-002  1.4109377e-001 -2.4583601e-002 -3.1007905e-002 -1.4169976e-002 -1.5872812e-002  3.3519673e-002  2.5087329e-002  3.6172796e-002 -8.7698445e-002
  1.2920000e-002  2.0408114e-002  5.2083175e-002  3.2536524e-002  9.6040017e-002  5.9548550e-003  0.0000000e+000 -8.1084090e-003  0.0000000e+000  2.2521680e-003  9.6773959e-002
 -5.7200000e-003  2.0000168e-002 -9.3009280e-003  5.8266804e-002  5.4376710e-003 -1.2836681e-002  4.5128787e-002 -6.1307995e-002  3.0769452e-002 -2.2471833e-002  0.0000000e+000
  1.5343000e-001  2.2549015e-001  8.6272500e-003  1.1903099e-001  1.3248658e-001  1.3047070e-001  2.0343224e-001  2.1625594e-001  3.5595285e-001  4.0229809e-002 -5.8824200e-003
  5.7610000e-002  2.1557686e-001  1.3891282e-002 -1.5273283e-002  1.1527200e-001  1.1017915e-001 -2.8885297e-002  3.1025959e-002 -2.2727411e-002  3.4001626e-002  5.9172280e-003
 -2.3500000e-003 -4.7482986e-002 -2.9957449e-002  4.7618934e-002  4.5547229e-002  3.3333282e-002 -3.7483248e-002 -2.7731621e-002  2.6279085e-001 -5.6179745e-002  3.0000344e-002
  7.5940000e-002  2.8424451e-002  1.5868544e-001  1.5584418e-001  5.2778644e-002  7.2580661e-002 -5.4269899e-002  4.7093263e-002  1.1783785e-001  4.7618944e-002  1.1364944e-001
  3.6510000e-002  1.3902781e-001 -4.1305452e-002  7.8651736e-002  5.8355356e-002  7.5187470e-003  5.8854567e-002  2.3192398e-002  2.4584705e-001  2.2727287e-002  1.2820497e-001
  4.4440000e-002  1.5839534e-001  6.1135355e-002  1.3445352e-001  1.0025070e-001 -8.7007862e-002  8.0555733e-002  4.8888915e-002  0.0000000e+000  2.2111147e-002  0.0000000e+000
  5.9750000e-002 -1.0526341e-002  1.5345043e-001 -2.9629980e-002  2.2779120e-003 -8.1967170e-003  4.1130935e-002  2.5423819e-002  1.3865453e-001  1.2512226e-001 -8.1818165e-002
 -3.8010000e-002 -4.2365770e-003 -2.6180507e-002  2.0992257e-002 -3.4090787e-002 -7.4380128e-002 -7.4073905e-002 -2.0661507e-002 -5.7714978e-002 -6.2801944e-002 -9.9011010e-003
  1.8140000e-002  5.4347775e-002  1.3461251e-002  1.0747730e-001  1.4569635e-002 -8.6233211e-002 -2.2622938e-002 -1.6877418e-002 -3.7500008e-002 -8.4605990e-003  5.0000600e-004
 -5.1140000e-002 -3.6082463e-002 -4.2230600e-004 -7.3917089e-002 -4.4495470e-003 -4.9019567e-002 -6.8465887e-002 -1.7167588e-002 -3.3081102e-002  1.0991963e-001 -4.9975600e-004
  9.5270000e-002  0.0000000e+000  1.1538460e-001  7.3394359e-002  1.0915064e-001  1.6492770e-001  1.4676000e-002  1.5720540e-001  1.3427024e-001  2.8984576e-002  1.9479891e-001
 -5.4550000e-002 -5.3475450e-003 -3.4482989e-002  8.1196440e-002 -2.5917261e-002 -2.3462853e-002 -1.9709980e-002 -4.7770310e-002 -3.4979085e-002 -1.4083871e-002 -6.4228024e-002
 -1.9400000e-002  2.1505290e-002 -3.8355413e-002 -6.7983920e-002 -4.1978775e-002 -3.6363576e-002  8.5156534e-002  1.1591536e-001 -6.1728361e-002 -3.3333167e-002 -4.5454566e-002
 -1.2600000e-003  2.1566451e-002 -3.4090909e-002 -8.5197146e-002  9.2041840e-003  8.9722659e-002  4.1543060e-003 -5.3371089e-002 -1.3157808e-002  9.2045755e-002 -9.0234190e-002
  3.7920000e-002  3.1684211e-002  5.4901961e-002  8.4579029e-002  5.9388985e-002  5.7692217e-002 -2.7700830e-003 -7.9515340e-003 -1.3335800e-004  1.8113208e-002  1.5789451e-001
